0:2:400 0 401
1:3:400 0 1 401
2:4:400 0 1 2 401
3:5:400 0 1 2 3 401
4:14:400 0 1 21 20 40 60 61 62 42 43 23 24 4 401
5:15:400 0 1 21 20 40 60 61 62 42 43 23 24 25 5 401
6:16:400 0 1 21 20 40 60 61 62 42 43 23 24 25 5 6 401
7:17:400 0 1 21 20 40 60 61 62 42 43 23 24 25 5 6 7 401
8:18:400 0 1 21 20 40 60 61 62 42 43 23 24 25 5 6 7 8 401
9:23:400 0 1 21 20 40 60 61 62 42 43 23 24 25 5 6 26 27 28 29 30 10 9 401
10:22:400 0 1 21 20 40 60 61 62 42 43 23 24 25 5 6 26 27 28 29 30 10 401
11:23:400 0 1 21 20 40 60 61 62 42 43 23 24 25 5 6 26 27 28 29 30 10 11 401
12:24:400 0 1 21 20 40 60 61 62 42 43 23 24 25 5 6 26 27 28 29 30 10 11 12 401
13:25:400 0 1 21 20 40 60 61 62 42 43 23 24 25 5 6 26 27 28 29 30 10 11 12 13 401
14:26:400 0 1 21 20 40 60 61 62 42 43 23 24 25 5 6 26 27 28 29 30 31 32 33 34 14 401
15:27:400 0 1 21 20 40 60 61 62 42 43 23 24 25 5 6 26 27 28 29 30 31 32 33 34 14 15 401
16:28:400 0 1 21 20 40 60 61 62 42 43 23 24 25 5 6 26 27 28 29 30 31 32 33 34 35 36 16 401
17:39:400 0 1 21 20 40 60 61 62 42 43 23 24 25 5 6 26 27 28 29 30 31 32 33 34 54 55 75 95 96 76 77 78 79 59 58 57 37 17 401
18:38:400 0 1 21 20 40 60 61 62 42 43 23 24 25 5 6 26 27 28 29 30 31 32 33 34 54 55 75 95 96 76 77 78 79 59 58 38 18 401
19:37:400 0 1 21 20 40 60 61 62 42 43 23 24 25 5 6 26 27 28 29 30 31 32 33 34 54 55 75 95 96 76 77 78 79 59 39 19 401
20:5:400 0 1 21 20 401
21:4:400 0 1 21 401
22:5:400 0 1 21 22 401
23:12:400 0 1 21 20 40 60 61 62 42 43 23 401
24:13:400 0 1 21 20 40 60 61 62 42 43 23 24 401
25:14:400 0 1 21 20 40 60 61 62 42 43 23 24 25 401
26:17:400 0 1 21 20 40 60 61 62 42 43 23 24 25 5 6 26 401
27:18:400 0 1 21 20 40 60 61 62 42 43 23 24 25 5 6 26 27 401
28:19:400 0 1 21 20 40 60 61 62 42 43 23 24 25 5 6 26 27 28 401
29:20:400 0 1 21 20 40 60 61 62 42 43 23 24 25 5 6 26 27 28 29 401
30:21:400 0 1 21 20 40 60 61 62 42 43 23 24 25 5 6 26 27 28 29 30 401
31:22:400 0 1 21 20 40 60 61 62 42 43 23 24 25 5 6 26 27 28 29 30 31 401
32:23:400 0 1 21 20 40 60 61 62 42 43 23 24 25 5 6 26 27 28 29 30 31 32 401
33:24:400 0 1 21 20 40 60 61 62 42 43 23 24 25 5 6 26 27 28 29 30 31 32 33 401
34:25:400 0 1 21 20 40 60 61 62 42 43 23 24 25 5 6 26 27 28 29 30 31 32 33 34 401
35:26:400 0 1 21 20 40 60 61 62 42 43 23 24 25 5 6 26 27 28 29 30 31 32 33 34 35 401
36:27:400 0 1 21 20 40 60 61 62 42 43 23 24 25 5 6 26 27 28 29 30 31 32 33 34 35 36 401
37:38:400 0 1 21 20 40 60 61 62 42 43 23 24 25 5 6 26 27 28 29 30 31 32 33 34 54 55 75 95 96 76 77 78 79 59 58 57 37 401
38:37:400 0 1 21 20 40 60 61 62 42 43 23 24 25 5 6 26 27 28 29 30 31 32 33 34 54 55 75 95 96 76 77 78 79 59 58 38 401
39:36:400 0 1 21 20 40 60 61 62 42 43 23 24 25 5 6 26 27 28 29 30 31 32 33 34 54 55 75 95 96 76 77 78 79 59 39 401
40:6:400 0 1 21 20 40 401
41:5:400 0 1 21 41 401
42:10:400 0 1 21 20 40 60 61 62 42 401
43:11:400 0 1 21 20 40 60 61 62 42 43 401
44:12:400 0 1 21 20 40 60 61 62 42 43 44 401
45:13:400 0 1 21 20 40 60 61 62 42 43 44 45 401
46:18:400 0 1 21 20 40 60 61 62 42 43 23 24 25 5 6 26 46 401
47:19:400 0 1 21 20 40 60 61 62 42 43 23 24 25 5 6 26 27 47 401
48:22:400 0 1 21 20 40 60 61 62 42 43 23 24 25 5 6 26 46 66 67 68 48 401
49:21:400 0 1 21 20 40 60 61 62 42 43 23 24 25 5 6 26 27 28 29 49 401
50:22:400 0 1 21 20 40 60 61 62 42 43 23 24 25 5 6 26 27 28 29 30 50 401
51:23:400 0 1 21 20 40 60 61 62 42 43 23 24 25 5 6 26 27 28 29 30 50 51 401
52:24:400 0 1 21 20 40 60 61 62 42 43 23 24 25 5 6 26 27 28 29 30 31 32 52 401
53:25:400 0 1 21 20 40 60 61 62 42 43 23 24 25 5 6 26 27 28 29 30 31 32 52 53 401
54:26:400 0 1 21 20 40 60 61 62 42 43 23 24 25 5 6 26 27 28 29 30 31 32 33 34 54 401
55:27:400 0 1 21 20 40 60 61 62 42 43 23 24 25 5 6 26 27 28 29 30 31 32 33 34 54 55 401
56:28:400 0 1 21 20 40 60 61 62 42 43 23 24 25 5 6 26 27 28 29 30 31 32 33 34 54 55 56 401
57:37:400 0 1 21 20 40 60 61 62 42 43 23 24 25 5 6 26 27 28 29 30 31 32 33 34 54 55 75 95 96 76 77 78 79 59 58 57 401
58:36:400 0 1 21 20 40 60 61 62 42 43 23 24 25 5 6 26 27 28 29 30 31 32 33 34 54 55 75 95 96 76 77 78 79 59 58 401
59:35:400 0 1 21 20 40 60 61 62 42 43 23 24 25 5 6 26 27 28 29 30 31 32 33 34 54 55 75 95 96 76 77 78 79 59 401
60:7:400 0 1 21 20 40 60 401
61:8:400 0 1 21 20 40 60 61 401
62:9:400 0 1 21 20 40 60 61 62 401
63:10:400 0 1 21 20 40 60 61 62 63 401
64:11:400 0 1 21 20 40 60 61 62 63 64 401
65:12:400 0 1 21 20 40 60 61 62 63 64 65 401
66:19:400 0 1 21 20 40 60 61 62 42 43 23 24 25 5 6 26 46 66 401
67:20:400 0 1 21 20 40 60 61 62 42 43 23 24 25 5 6 26 46 66 67 401
68:21:400 0 1 21 20 40 60 61 62 42 43 23 24 25 5 6 26 46 66 67 68 401
69:22:400 0 1 21 20 40 60 61 62 42 43 23 24 25 5 6 26 46 66 67 68 69 401
70:23:400 0 1 21 20 40 60 61 62 42 43 23 24 25 5 6 26 27 28 29 30 50 70 401
71:24:400 0 1 21 20 40 60 61 62 42 43 23 24 25 5 6 26 27 28 29 30 50 51 71 401
72:25:400 0 1 21 20 40 60 61 62 42 43 23 24 25 5 6 26 27 28 29 30 50 51 71 72 401
73:26:400 0 1 21 20 40 60 61 62 42 43 23 24 25 5 6 26 27 28 29 30 31 32 52 53 73 401
74:27:400 0 1 21 20 40 60 61 62 42 43 23 24 25 5 6 26 27 28 29 30 31 32 33 34 54 74 401
75:28:400 0 1 21 20 40 60 61 62 42 43 23 24 25 5 6 26 27 28 29 30 31 32 33 34 54 55 75 401
76:31:400 0 1 21 20 40 60 61 62 42 43 23 24 25 5 6 26 27 28 29 30 31 32 33 34 54 55 75 95 96 76 401
77:32:400 0 1 21 20 40 60 61 62 42 43 23 24 25 5 6 26 27 28 29 30 31 32 33 34 54 55 75 95 96 76 77 401
78:33:400 0 1 21 20 40 60 61 62 42 43 23 24 25 5 6 26 27 28 29 30 31 32 33 34 54 55 75 95 96 76 77 78 401
79:34:400 0 1 21 20 40 60 61 62 42 43 23 24 25 5 6 26 27 28 29 30 31 32 33 34 54 55 75 95 96 76 77 78 79 401
80:8:400 0 1 21 20 40 60 80 401
81:9:400 0 1 21 20 40 60 61 81 401
82:10:400 0 1 21 20 40 60 61 62 82 401
83:11:400 0 1 21 20 40 60 61 62 63 83 401
84:12:400 0 1 21 20 40 60 61 62 63 64 84 401
85:13:400 0 1 21 20 40 60 61 62 63 64 65 85 401
86:20:400 0 1 21 20 40 60 61 62 42 43 23 24 25 5 6 26 46 66 86 401
87:21:400 0 1 21 20 40 60 61 62 42 43 23 24 25 5 6 26 46 66 67 87 401
88:22:400 0 1 21 20 40 60 61 62 42 43 23 24 25 5 6 26 46 66 67 68 88 401
89:23:400 0 1 21 20 40 60 61 62 42 43 23 24 25 5 6 26 46 66 67 68 69 89 401
90:24:400 0 1 21 20 40 60 61 62 42 43 23 24 25 5 6 26 46 66 67 68 69 89 90 401
91:25:400 0 1 21 20 40 60 61 62 42 43 23 24 25 5 6 26 27 28 29 30 50 51 71 91 401
92:26:400 0 1 21 20 40 60 61 62 42 43 23 24 25 5 6 26 27 28 29 30 50 51 71 72 92 401
93:27:400 0 1 21 20 40 60 61 62 42 43 23 24 25 5 6 26 27 28 29 30 50 51 71 72 92 93 401
94:28:400 0 1 21 20 40 60 61 62 42 43 23 24 25 5 6 26 27 28 29 30 31 32 33 34 54 74 94 401
95:29:400 0 1 21 20 40 60 61 62 42 43 23 24 25 5 6 26 27 28 29 30 31 32 33 34 54 55 75 95 401
96:30:400 0 1 21 20 40 60 61 62 42 43 23 24 25 5 6 26 27 28 29 30 31 32 33 34 54 55 75 95 96 401
97:31:400 0 1 21 20 40 60 61 62 42 43 23 24 25 5 6 26 27 28 29 30 31 32 33 34 54 55 75 95 96 97 401
98:32:400 0 1 21 20 40 60 61 62 42 43 23 24 25 5 6 26 27 28 29 30 31 32 33 34 54 55 75 95 96 97 98 401
99:35:400 0 1 21 20 40 60 61 62 42 43 23 24 25 5 6 26 27 28 29 30 31 32 33 34 54 55 75 95 96 76 77 78 79 99 401
100:9:400 0 1 21 20 40 60 80 100 401
101:10:400 0 1 21 20 40 60 61 81 101 401
102:11:400 0 1 21 20 40 60 61 62 82 102 401
103:12:400 0 1 21 20 40 60 61 62 63 83 103 401
104:13:400 0 1 21 20 40 60 61 62 63 64 84 104 401
105:14:400 0 1 21 20 40 60 61 62 63 64 84 104 105 401
106:21:400 0 1 21 20 40 60 61 62 42 43 23 24 25 5 6 26 46 66 86 106 401
107:22:400 0 1 21 20 40 60 61 62 42 43 23 24 25 5 6 26 46 66 86 106 107 401
108:23:400 0 1 21 20 40 60 61 62 42 43 23 24 25 5 6 26 46 66 86 106 107 108 401
109:24:400 0 1 21 20 40 60 61 62 42 43 23 24 25 5 6 26 46 66 86 106 107 108 109 401
110:25:400 0 1 21 20 40 60 61 62 42 43 23 24 25 5 6 26 46 66 67 68 69 89 90 110 401
111:26:400 0 1 21 20 40 60 61 62 42 43 23 24 25 5 6 26 27 28 29 30 50 51 71 91 111 401
112:27:400 0 1 21 20 40 60 61 62 42 43 23 24 25 5 6 26 27 28 29 30 50 51 71 72 92 112 401
113:28:400 0 1 21 20 40 60 61 62 42 43 23 24 25 5 6 26 27 28 29 30 50 51 71 72 92 93 113 401
114:31:400 0 1 21 20 40 60 61 62 42 43 23 24 25 5 6 26 27 28 29 30 31 32 33 34 54 55 75 95 115 114 401
115:30:400 0 1 21 20 40 60 61 62 42 43 23 24 25 5 6 26 27 28 29 30 31 32 33 34 54 55 75 95 115 401
116:31:400 0 1 21 20 40 60 61 62 42 43 23 24 25 5 6 26 27 28 29 30 31 32 33 34 54 55 75 95 96 116 401
117:32:400 0 1 21 20 40 60 61 62 42 43 23 24 25 5 6 26 27 28 29 30 31 32 33 34 54 55 75 95 96 116 117 401
118:33:400 0 1 21 20 40 60 61 62 42 43 23 24 25 5 6 26 27 28 29 30 31 32 33 34 54 55 75 95 96 97 98 118 401
119:36:400 0 1 21 20 40 60 61 62 42 43 23 24 25 5 6 26 27 28 29 30 31 32 33 34 54 55 75 95 96 76 77 78 79 99 119 401
120:10:400 0 1 21 20 40 60 80 100 120 401
121:11:400 0 1 21 20 40 60 61 81 101 121 401
122:12:400 0 1 21 20 40 60 61 62 82 102 122 401
123:13:400 0 1 21 20 40 60 61 62 82 102 122 123 401
124:14:400 0 1 21 20 40 60 61 62 63 64 84 104 124 401
125:27:400 0 1 21 20 40 60 61 62 42 43 23 24 25 5 6 26 46 66 86 106 107 108 128 127 126 125 401
126:26:400 0 1 21 20 40 60 61 62 42 43 23 24 25 5 6 26 46 66 86 106 107 108 128 127 126 401
127:25:400 0 1 21 20 40 60 61 62 42 43 23 24 25 5 6 26 46 66 86 106 107 108 128 127 401
128:24:400 0 1 21 20 40 60 61 62 42 43 23 24 25 5 6 26 46 66 86 106 107 108 128 401
129:25:400 0 1 21 20 40 60 61 62 42 43 23 24 25 5 6 26 46 66 86 106 107 108 109 129 401
130:26:400 0 1 21 20 40 60 61 62 42 43 23 24 25 5 6 26 46 66 86 106 107 108 109 129 130 401
131:27:400 0 1 21 20 40 60 61 62 42 43 23 24 25 5 6 26 46 66 86 106 107 108 109 129 130 131 401
132:28:400 0 1 21 20 40 60 61 62 42 43 23 24 25 5 6 26 46 66 86 106 107 108 109 129 130 131 132 401
133:29:400 0 1 21 20 40 60 61 62 42 43 23 24 25 5 6 26 46 66 86 106 107 108 109 129 130 131 132 133 401
134:30:400 0 1 21 20 40 60 61 62 42 43 23 24 25 5 6 26 46 66 86 106 107 108 109 129 130 131 132 133 134 401
135:31:400 0 1 21 20 40 60 61 62 42 43 23 24 25 5 6 26 27 28 29 30 31 32 33 34 54 55 75 95 115 135 401
136:32:400 0 1 21 20 40 60 61 62 42 43 23 24 25 5 6 26 27 28 29 30 31 32 33 34 54 55 75 95 96 116 136 401
137:33:400 0 1 21 20 40 60 61 62 42 43 23 24 25 5 6 26 27 28 29 30 31 32 33 34 54 55 75 95 96 116 117 137 401
138:38:400 0 1 21 20 40 60 61 62 42 43 23 24 25 5 6 26 27 28 29 30 31 32 33 34 54 55 75 95 96 76 77 78 79 99 119 139 138 401
139:37:400 0 1 21 20 40 60 61 62 42 43 23 24 25 5 6 26 27 28 29 30 31 32 33 34 54 55 75 95 96 76 77 78 79 99 119 139 401
140:11:400 0 1 21 20 40 60 80 100 120 140 401
141:12:400 0 1 21 20 40 60 80 100 120 140 141 401
142:15:400 0 1 21 20 40 60 61 62 82 102 122 123 143 142 401
143:14:400 0 1 21 20 40 60 61 62 82 102 122 123 143 401
144:15:400 0 1 21 20 40 60 61 62 63 64 84 104 124 144 401
145:18:400 0 1 21 20 40 60 61 62 63 64 84 104 124 144 164 165 145 401
146:27:400 0 1 21 20 40 60 61 62 42 43 23 24 25 5 6 26 46 66 86 106 107 108 128 127 126 146 401
147:26:400 0 1 21 20 40 60 61 62 42 43 23 24 25 5 6 26 46 66 86 106 107 108 128 127 147 401
148:25:400 0 1 21 20 40 60 61 62 42 43 23 24 25 5 6 26 46 66 86 106 107 108 128 148 401
149:26:400 0 1 21 20 40 60 61 62 42 43 23 24 25 5 6 26 46 66 86 106 107 108 109 129 149 401
150:27:400 0 1 21 20 40 60 61 62 42 43 23 24 25 5 6 26 46 66 86 106 107 108 109 129 130 150 401
151:28:400 0 1 21 20 40 60 61 62 42 43 23 24 25 5 6 26 46 66 86 106 107 108 109 129 130 131 151 401
152:29:400 0 1 21 20 40 60 61 62 42 43 23 24 25 5 6 26 46 66 86 106 107 108 109 129 130 131 132 152 401
153:30:400 0 1 21 20 40 60 61 62 42 43 23 24 25 5 6 26 46 66 86 106 107 108 109 129 130 131 132 133 153 401
154:31:400 0 1 21 20 40 60 61 62 42 43 23 24 25 5 6 26 46 66 86 106 107 108 109 129 130 131 132 133 134 154 401
155:32:400 0 1 21 20 40 60 61 62 42 43 23 24 25 5 6 26 27 28 29 30 31 32 33 34 54 55 75 95 115 135 155 401
156:33:400 0 1 21 20 40 60 61 62 42 43 23 24 25 5 6 26 27 28 29 30 31 32 33 34 54 55 75 95 96 116 136 156 401
157:34:400 0 1 21 20 40 60 61 62 42 43 23 24 25 5 6 26 27 28 29 30 31 32 33 34 54 55 75 95 96 116 117 137 157 401
158:39:400 0 1 21 20 40 60 61 62 42 43 23 24 25 5 6 26 27 28 29 30 31 32 33 34 54 55 75 95 96 76 77 78 79 99 119 139 138 158 401
159:38:400 0 1 21 20 40 60 61 62 42 43 23 24 25 5 6 26 27 28 29 30 31 32 33 34 54 55 75 95 96 76 77 78 79 99 119 139 159 401
160:18:400 0 1 21 20 40 60 61 62 82 102 122 123 143 142 162 161 160 401
161:17:400 0 1 21 20 40 60 61 62 82 102 122 123 143 142 162 161 401
162:16:400 0 1 21 20 40 60 61 62 82 102 122 123 143 142 162 401
163:15:400 0 1 21 20 40 60 61 62 82 102 122 123 143 163 401
164:16:400 0 1 21 20 40 60 61 62 63 64 84 104 124 144 164 401
165:17:400 0 1 21 20 40 60 61 62 63 64 84 104 124 144 164 165 401
166:18:400 0 1 21 20 40 60 61 62 63 64 84 104 124 144 164 165 166 401
167:27:400 0 1 21 20 40 60 61 62 42 43 23 24 25 5 6 26 46 66 86 106 107 108 128 127 147 167 401
168:26:400 0 1 21 20 40 60 61 62 42 43 23 24 25 5 6 26 46 66 86 106 107 108 128 148 168 401
169:27:400 0 1 21 20 40 60 61 62 42 43 23 24 25 5 6 26 46 66 86 106 107 108 109 129 149 169 401
170:28:400 0 1 21 20 40 60 61 62 42 43 23 24 25 5 6 26 46 66 86 106 107 108 109 129 149 169 170 401
171:29:400 0 1 21 20 40 60 61 62 42 43 23 24 25 5 6 26 46 66 86 106 107 108 109 129 130 131 151 171 401
172:30:400 0 1 21 20 40 60 61 62 42 43 23 24 25 5 6 26 46 66 86 106 107 108 109 129 130 131 132 152 172 401
173:31:400 0 1 21 20 40 60 61 62 42 43 23 24 25 5 6 26 46 66 86 106 107 108 109 129 130 131 132 133 153 173 401
174:32:400 0 1 21 20 40 60 61 62 42 43 23 24 25 5 6 26 46 66 86 106 107 108 109 129 130 131 132 133 134 154 174 401
175:33:400 0 1 21 20 40 60 61 62 42 43 23 24 25 5 6 26 27 28 29 30 31 32 33 34 54 55 75 95 115 135 155 175 401
176:34:400 0 1 21 20 40 60 61 62 42 43 23 24 25 5 6 26 27 28 29 30 31 32 33 34 54 55 75 95 96 116 136 156 176 401
177:41:400 0 1 21 20 40 60 61 62 42 43 23 24 25 5 6 26 27 28 29 30 31 32 33 34 54 55 75 95 96 76 77 78 79 99 119 139 138 158 178 177 401
178:40:400 0 1 21 20 40 60 61 62 42 43 23 24 25 5 6 26 27 28 29 30 31 32 33 34 54 55 75 95 96 76 77 78 79 99 119 139 138 158 178 401
179:41:400 0 1 21 20 40 60 61 62 42 43 23 24 25 5 6 26 27 28 29 30 31 32 33 34 54 55 75 95 96 76 77 78 79 99 119 139 138 158 178 179 401
180:19:400 0 1 21 20 40 60 61 62 82 102 122 123 143 142 162 161 160 180 401
181:18:400 0 1 21 20 40 60 61 62 82 102 122 123 143 142 162 161 181 401
182:17:400 0 1 21 20 40 60 61 62 82 102 122 123 143 163 183 182 401
183:16:400 0 1 21 20 40 60 61 62 82 102 122 123 143 163 183 401
184:17:400 0 1 21 20 40 60 61 62 63 64 84 104 124 144 164 184 401
185:18:400 0 1 21 20 40 60 61 62 63 64 84 104 124 144 164 165 185 401
186:19:400 0 1 21 20 40 60 61 62 63 64 84 104 124 144 164 165 185 186 401
187:28:400 0 1 21 20 40 60 61 62 42 43 23 24 25 5 6 26 46 66 86 106 107 108 128 127 147 167 187 401
188:29:400 0 1 21 20 40 60 61 62 42 43 23 24 25 5 6 26 46 66 86 106 107 108 128 127 147 167 187 188 401
189:30:400 0 1 21 20 40 60 61 62 42 43 23 24 25 5 6 26 46 66 86 106 107 108 109 129 149 169 170 190 189 401
190:29:400 0 1 21 20 40 60 61 62 42 43 23 24 25 5 6 26 46 66 86 106 107 108 109 129 149 169 170 190 401
191:30:400 0 1 21 20 40 60 61 62 42 43 23 24 25 5 6 26 46 66 86 106 107 108 109 129 149 169 170 190 191 401
192:31:400 0 1 21 20 40 60 61 62 42 43 23 24 25 5 6 26 46 66 86 106 107 108 109 129 149 169 170 190 191 192 401
193:32:400 0 1 21 20 40 60 61 62 42 43 23 24 25 5 6 26 46 66 86 106 107 108 109 129 149 169 170 190 191 192 193 401
194:33:400 0 1 21 20 40 60 61 62 42 43 23 24 25 5 6 26 46 66 86 106 107 108 109 129 130 131 132 133 134 154 174 194 401
195:34:400 0 1 21 20 40 60 61 62 42 43 23 24 25 5 6 26 46 66 86 106 107 108 109 129 130 131 132 133 134 154 174 194 195 401
196:35:400 0 1 21 20 40 60 61 62 42 43 23 24 25 5 6 26 27 28 29 30 31 32 33 34 54 55 75 95 96 116 136 156 176 196 401
197:42:400 0 1 21 20 40 60 61 62 42 43 23 24 25 5 6 26 27 28 29 30 31 32 33 34 54 55 75 95 96 76 77 78 79 99 119 139 138 158 178 177 197 401
198:41:400 0 1 21 20 40 60 61 62 42 43 23 24 25 5 6 26 27 28 29 30 31 32 33 34 54 55 75 95 96 76 77 78 79 99 119 139 138 158 178 198 401
199:42:400 0 1 21 20 40 60 61 62 42 43 23 24 25 5 6 26 27 28 29 30 31 32 33 34 54 55 75 95 96 76 77 78 79 99 119 139 138 158 178 179 199 401
200:20:400 0 1 21 20 40 60 61 62 82 102 122 123 143 142 162 161 160 180 200 401
201:19:400 0 1 21 20 40 60 61 62 82 102 122 123 143 142 162 161 181 201 401
202:18:400 0 1 21 20 40 60 61 62 82 102 122 123 143 163 183 182 202 401
203:17:400 0 1 21 20 40 60 61 62 82 102 122 123 143 163 183 203 401
204:20:400 0 1 21 20 40 60 61 62 82 102 122 123 143 163 183 203 223 224 204 401
205:21:400 0 1 21 20 40 60 61 62 82 102 122 123 143 163 183 203 223 224 204 205 401
206:20:400 0 1 21 20 40 60 61 62 63 64 84 104 124 144 164 165 185 186 206 401
207:29:400 0 1 21 20 40 60 61 62 42 43 23 24 25 5 6 26 46 66 86 106 107 108 128 127 147 167 187 207 401
208:30:400 0 1 21 20 40 60 61 62 42 43 23 24 25 5 6 26 46 66 86 106 107 108 128 127 147 167 187 188 208 401
209:31:400 0 1 21 20 40 60 61 62 42 43 23 24 25 5 6 26 46 66 86 106 107 108 109 129 149 169 170 190 189 209 401
210:30:400 0 1 21 20 40 60 61 62 42 43 23 24 25 5 6 26 46 66 86 106 107 108 109 129 149 169 170 190 210 401
211:31:400 0 1 21 20 40 60 61 62 42 43 23 24 25 5 6 26 46 66 86 106 107 108 109 129 149 169 170 190 191 211 401
212:32:400 0 1 21 20 40 60 61 62 42 43 23 24 25 5 6 26 46 66 86 106 107 108 109 129 149 169 170 190 191 192 212 401
213:33:400 0 1 21 20 40 60 61 62 42 43 23 24 25 5 6 26 46 66 86 106 107 108 109 129 149 169 170 190 191 192 193 213 401
214:34:400 0 1 21 20 40 60 61 62 42 43 23 24 25 5 6 26 46 66 86 106 107 108 109 129 130 131 132 133 134 154 174 194 214 401
215:37:400 0 1 21 20 40 60 61 62 42 43 23 24 25 5 6 26 46 66 86 106 107 108 109 129 130 131 132 133 134 154 174 194 214 234 235 215 401
216:38:400 0 1 21 20 40 60 61 62 42 43 23 24 25 5 6 26 46 66 86 106 107 108 109 129 130 131 132 133 134 154 174 194 214 234 235 215 216 401
217:43:400 0 1 21 20 40 60 61 62 42 43 23 24 25 5 6 26 27 28 29 30 31 32 33 34 54 55 75 95 96 76 77 78 79 99 119 139 138 158 178 177 197 217 401
218:42:400 0 1 21 20 40 60 61 62 42 43 23 24 25 5 6 26 27 28 29 30 31 32 33 34 54 55 75 95 96 76 77 78 79 99 119 139 138 158 178 198 218 401
219:45:400 0 1 21 20 40 60 61 62 42 43 23 24 25 5 6 26 27 28 29 30 31 32 33 34 54 55 75 95 96 76 77 78 79 99 119 139 138 158 178 198 218 238 239 219 401
220:21:400 0 1 21 20 40 60 61 62 82 102 122 123 143 142 162 161 160 180 200 220 401
221:20:400 0 1 21 20 40 60 61 62 82 102 122 123 143 142 162 161 181 201 221 401
222:19:400 0 1 21 20 40 60 61 62 82 102 122 123 143 163 183 182 202 222 401
223:18:400 0 1 21 20 40 60 61 62 82 102 122 123 143 163 183 203 223 401
224:19:400 0 1 21 20 40 60 61 62 82 102 122 123 143 163 183 203 223 224 401
225:20:400 0 1 21 20 40 60 61 62 82 102 122 123 143 163 183 203 223 224 225 401
226:21:400 0 1 21 20 40 60 61 62 82 102 122 123 143 163 183 203 223 224 225 226 401
227:34:400 0 1 21 20 40 60 61 62 42 43 23 24 25 5 6 26 46 66 86 106 107 108 109 129 149 169 170 190 189 209 229 228 227 401
228:33:400 0 1 21 20 40 60 61 62 42 43 23 24 25 5 6 26 46 66 86 106 107 108 109 129 149 169 170 190 189 209 229 228 401
229:32:400 0 1 21 20 40 60 61 62 42 43 23 24 25 5 6 26 46 66 86 106 107 108 109 129 149 169 170 190 189 209 229 401
230:33:400 0 1 21 20 40 60 61 62 42 43 23 24 25 5 6 26 46 66 86 106 107 108 109 129 149 169 170 190 189 209 229 230 401
231:34:400 0 1 21 20 40 60 61 62 42 43 23 24 25 5 6 26 46 66 86 106 107 108 109 129 149 169 170 190 189 209 229 230 231 401
232:35:400 0 1 21 20 40 60 61 62 42 43 23 24 25 5 6 26 46 66 86 106 107 108 109 129 149 169 170 190 189 209 229 230 231 232 401
233:36:400 0 1 21 20 40 60 61 62 42 43 23 24 25 5 6 26 46 66 86 106 107 108 109 129 149 169 170 190 189 209 229 230 231 232 233 401
234:35:400 0 1 21 20 40 60 61 62 42 43 23 24 25 5 6 26 46 66 86 106 107 108 109 129 130 131 132 133 134 154 174 194 214 234 401
235:36:400 0 1 21 20 40 60 61 62 42 43 23 24 25 5 6 26 46 66 86 106 107 108 109 129 130 131 132 133 134 154 174 194 214 234 235 401
236:37:400 0 1 21 20 40 60 61 62 42 43 23 24 25 5 6 26 46 66 86 106 107 108 109 129 130 131 132 133 134 154 174 194 214 234 235 236 401
237:44:400 0 1 21 20 40 60 61 62 42 43 23 24 25 5 6 26 27 28 29 30 31 32 33 34 54 55 75 95 96 76 77 78 79 99 119 139 138 158 178 198 218 238 237 401
238:43:400 0 1 21 20 40 60 61 62 42 43 23 24 25 5 6 26 27 28 29 30 31 32 33 34 54 55 75 95 96 76 77 78 79 99 119 139 138 158 178 198 218 238 401
239:44:400 0 1 21 20 40 60 61 62 42 43 23 24 25 5 6 26 27 28 29 30 31 32 33 34 54 55 75 95 96 76 77 78 79 99 119 139 138 158 178 198 218 238 239 401
240:22:400 0 1 21 20 40 60 61 62 82 102 122 123 143 142 162 161 160 180 200 220 240 401
241:21:400 0 1 21 20 40 60 61 62 82 102 122 123 143 142 162 161 181 201 221 241 401
242:20:400 0 1 21 20 40 60 61 62 82 102 122 123 143 163 183 203 223 243 242 401
243:19:400 0 1 21 20 40 60 61 62 82 102 122 123 143 163 183 203 223 243 401
244:20:400 0 1 21 20 40 60 61 62 82 102 122 123 143 163 183 203 223 224 244 401
245:21:400 0 1 21 20 40 60 61 62 82 102 122 123 143 163 183 203 223 224 225 245 401
246:22:400 0 1 21 20 40 60 61 62 82 102 122 123 143 163 183 203 223 224 225 226 246 401
247:35:400 0 1 21 20 40 60 61 62 42 43 23 24 25 5 6 26 46 66 86 106 107 108 109 129 149 169 170 190 189 209 229 228 227 247 401
248:36:400 0 1 21 20 40 60 61 62 42 43 23 24 25 5 6 26 46 66 86 106 107 108 109 129 149 169 170 190 189 209 229 228 227 247 248 401
249:33:400 0 1 21 20 40 60 61 62 42 43 23 24 25 5 6 26 46 66 86 106 107 108 109 129 149 169 170 190 189 209 229 249 401
250:34:400 0 1 21 20 40 60 61 62 42 43 23 24 25 5 6 26 46 66 86 106 107 108 109 129 149 169 170 190 189 209 229 230 250 401
251:35:400 0 1 21 20 40 60 61 62 42 43 23 24 25 5 6 26 46 66 86 106 107 108 109 129 149 169 170 190 189 209 229 230 250 251 401
252:36:400 0 1 21 20 40 60 61 62 42 43 23 24 25 5 6 26 46 66 86 106 107 108 109 129 149 169 170 190 189 209 229 230 250 251 252 401
253:37:400 0 1 21 20 40 60 61 62 42 43 23 24 25 5 6 26 46 66 86 106 107 108 109 129 149 169 170 190 189 209 229 230 250 251 252 253 401
254:38:400 0 1 21 20 40 60 61 62 42 43 23 24 25 5 6 26 46 66 86 106 107 108 109 129 149 169 170 190 189 209 229 230 250 251 252 253 254 401
255:37:400 0 1 21 20 40 60 61 62 42 43 23 24 25 5 6 26 46 66 86 106 107 108 109 129 130 131 132 133 134 154 174 194 214 234 235 255 401
256:38:400 0 1 21 20 40 60 61 62 42 43 23 24 25 5 6 26 46 66 86 106 107 108 109 129 130 131 132 133 134 154 174 194 214 234 235 255 256 401
257:39:400 0 1 21 20 40 60 61 62 42 43 23 24 25 5 6 26 46 66 86 106 107 108 109 129 130 131 132 133 134 154 174 194 214 234 235 255 256 257 401
258:44:400 0 1 21 20 40 60 61 62 42 43 23 24 25 5 6 26 27 28 29 30 31 32 33 34 54 55 75 95 96 76 77 78 79 99 119 139 138 158 178 198 218 238 258 401
259:45:400 0 1 21 20 40 60 61 62 42 43 23 24 25 5 6 26 27 28 29 30 31 32 33 34 54 55 75 95 96 76 77 78 79 99 119 139 138 158 178 198 218 238 239 259 401
260:23:400 0 1 21 20 40 60 61 62 82 102 122 123 143 163 183 203 223 243 242 262 261 260 401
261:22:400 0 1 21 20 40 60 61 62 82 102 122 123 143 163 183 203 223 243 242 262 261 401
262:21:400 0 1 21 20 40 60 61 62 82 102 122 123 143 163 183 203 223 243 242 262 401
263:22:400 0 1 21 20 40 60 61 62 82 102 122 123 143 163 183 203 223 224 244 264 263 401
264:21:400 0 1 21 20 40 60 61 62 82 102 122 123 143 163 183 203 223 224 244 264 401
265:22:400 0 1 21 20 40 60 61 62 82 102 122 123 143 163 183 203 223 224 244 264 265 401
266:37:400 0 1 21 20 40 60 61 62 42 43 23 24 25 5 6 26 46 66 86 106 107 108 109 129 149 169 170 190 189 209 229 228 227 247 267 266 401
267:36:400 0 1 21 20 40 60 61 62 42 43 23 24 25 5 6 26 46 66 86 106 107 108 109 129 149 169 170 190 189 209 229 228 227 247 267 401
268:37:400 0 1 21 20 40 60 61 62 42 43 23 24 25 5 6 26 46 66 86 106 107 108 109 129 149 169 170 190 189 209 229 228 227 247 248 268 401
269:34:400 0 1 21 20 40 60 61 62 42 43 23 24 25 5 6 26 46 66 86 106 107 108 109 129 149 169 170 190 189 209 229 249 269 401
270:35:400 0 1 21 20 40 60 61 62 42 43 23 24 25 5 6 26 46 66 86 106 107 108 109 129 149 169 170 190 189 209 229 249 269 270 401
271:36:400 0 1 21 20 40 60 61 62 42 43 23 24 25 5 6 26 46 66 86 106 107 108 109 129 149 169 170 190 189 209 229 249 269 270 271 401
272:37:400 0 1 21 20 40 60 61 62 42 43 23 24 25 5 6 26 46 66 86 106 107 108 109 129 149 169 170 190 189 209 229 230 250 251 252 272 401
273:38:400 0 1 21 20 40 60 61 62 42 43 23 24 25 5 6 26 46 66 86 106 107 108 109 129 149 169 170 190 189 209 229 230 250 251 252 253 273 401
274:39:400 0 1 21 20 40 60 61 62 42 43 23 24 25 5 6 26 46 66 86 106 107 108 109 129 149 169 170 190 189 209 229 230 250 251 252 253 254 274 401
275:40:400 0 1 21 20 40 60 61 62 42 43 23 24 25 5 6 26 46 66 86 106 107 108 109 129 149 169 170 190 189 209 229 230 250 251 252 253 254 274 275 401
276:47:400 0 1 21 20 40 60 61 62 42 43 23 24 25 5 6 26 46 66 86 106 107 108 109 129 149 169 170 190 189 209 229 249 269 270 290 291 311 331 332 333 313 314 315 316 296 276 401
277:40:400 0 1 21 20 40 60 61 62 42 43 23 24 25 5 6 26 46 66 86 106 107 108 109 129 130 131 132 133 134 154 174 194 214 234 235 255 256 257 277 401
278:47:400 0 1 21 20 40 60 61 62 42 43 23 24 25 5 6 26 27 28 29 30 31 32 33 34 54 55 75 95 96 76 77 78 79 99 119 139 138 158 178 198 218 238 239 259 279 278 401
279:46:400 0 1 21 20 40 60 61 62 42 43 23 24 25 5 6 26 27 28 29 30 31 32 33 34 54 55 75 95 96 76 77 78 79 99 119 139 138 158 178 198 218 238 239 259 279 401
280:24:400 0 1 21 20 40 60 61 62 82 102 122 123 143 163 183 203 223 243 242 262 261 260 280 401
281:23:400 0 1 21 20 40 60 61 62 82 102 122 123 143 163 183 203 223 243 242 262 261 281 401
282:24:400 0 1 21 20 40 60 61 62 82 102 122 123 143 163 183 203 223 224 244 264 263 283 282 401
283:23:400 0 1 21 20 40 60 61 62 82 102 122 123 143 163 183 203 223 224 244 264 263 283 401
284:22:400 0 1 21 20 40 60 61 62 82 102 122 123 143 163 183 203 223 224 244 264 284 401
285:23:400 0 1 21 20 40 60 61 62 82 102 122 123 143 163 183 203 223 224 244 264 265 285 401
286:38:400 0 1 21 20 40 60 61 62 42 43 23 24 25 5 6 26 46 66 86 106 107 108 109 129 149 169 170 190 189 209 229 228 227 247 267 266 286 401
287:37:400 0 1 21 20 40 60 61 62 42 43 23 24 25 5 6 26 46 66 86 106 107 108 109 129 149 169 170 190 189 209 229 228 227 247 267 287 401
288:38:400 0 1 21 20 40 60 61 62 42 43 23 24 25 5 6 26 46 66 86 106 107 108 109 129 149 169 170 190 189 209 229 249 269 270 290 289 288 401
289:37:400 0 1 21 20 40 60 61 62 42 43 23 24 25 5 6 26 46 66 86 106 107 108 109 129 149 169 170 190 189 209 229 249 269 270 290 289 401
290:36:400 0 1 21 20 40 60 61 62 42 43 23 24 25 5 6 26 46 66 86 106 107 108 109 129 149 169 170 190 189 209 229 249 269 270 290 401
291:37:400 0 1 21 20 40 60 61 62 42 43 23 24 25 5 6 26 46 66 86 106 107 108 109 129 149 169 170 190 189 209 229 249 269 270 290 291 401
292:38:400 0 1 21 20 40 60 61 62 42 43 23 24 25 5 6 26 46 66 86 106 107 108 109 129 149 169 170 190 189 209 229 249 269 270 290 291 292 401
293:39:400 0 1 21 20 40 60 61 62 42 43 23 24 25 5 6 26 46 66 86 106 107 108 109 129 149 169 170 190 189 209 229 249 269 270 290 291 292 293 401
294:40:400 0 1 21 20 40 60 61 62 42 43 23 24 25 5 6 26 46 66 86 106 107 108 109 129 149 169 170 190 189 209 229 230 250 251 252 253 254 274 294 401
295:45:400 0 1 21 20 40 60 61 62 42 43 23 24 25 5 6 26 46 66 86 106 107 108 109 129 149 169 170 190 189 209 229 249 269 270 290 291 311 331 332 333 313 314 315 295 401
296:46:400 0 1 21 20 40 60 61 62 42 43 23 24 25 5 6 26 46 66 86 106 107 108 109 129 149 169 170 190 189 209 229 249 269 270 290 291 311 331 332 333 313 314 315 316 296 401
297:47:400 0 1 21 20 40 60 61 62 42 43 23 24 25 5 6 26 46 66 86 106 107 108 109 129 149 169 170 190 189 209 229 249 269 270 290 291 311 331 332 333 313 314 315 316 296 297 401
298:48:400 0 1 21 20 40 60 61 62 42 43 23 24 25 5 6 26 27 28 29 30 31 32 33 34 54 55 75 95 96 76 77 78 79 99 119 139 138 158 178 198 218 238 239 259 279 278 298 401
299:47:400 0 1 21 20 40 60 61 62 42 43 23 24 25 5 6 26 27 28 29 30 31 32 33 34 54 55 75 95 96 76 77 78 79 99 119 139 138 158 178 198 218 238 239 259 279 299 401
300:25:400 0 1 21 20 40 60 61 62 82 102 122 123 143 163 183 203 223 243 242 262 261 260 280 300 401
301:26:400 0 1 21 20 40 60 61 62 82 102 122 123 143 163 183 203 223 224 244 264 263 283 303 302 301 401
302:25:400 0 1 21 20 40 60 61 62 82 102 122 123 143 163 183 203 223 224 244 264 263 283 303 302 401
303:24:400 0 1 21 20 40 60 61 62 82 102 122 123 143 163 183 203 223 224 244 264 263 283 303 401
304:25:400 0 1 21 20 40 60 61 62 82 102 122 123 143 163 183 203 223 224 244 264 263 283 303 304 401
305:26:400 0 1 21 20 40 60 61 62 82 102 122 123 143 163 183 203 223 224 244 264 263 283 303 304 305 401
306:39:400 0 1 21 20 40 60 61 62 42 43 23 24 25 5 6 26 46 66 86 106 107 108 109 129 149 169 170 190 189 209 229 228 227 247 267 266 286 306 401
307:40:400 0 1 21 20 40 60 61 62 42 43 23 24 25 5 6 26 46 66 86 106 107 108 109 129 149 169 170 190 189 209 229 249 269 270 290 289 288 308 307 401
308:39:400 0 1 21 20 40 60 61 62 42 43 23 24 25 5 6 26 46 66 86 106 107 108 109 129 149 169 170 190 189 209 229 249 269 270 290 289 288 308 401
309:38:400 0 1 21 20 40 60 61 62 42 43 23 24 25 5 6 26 46 66 86 106 107 108 109 129 149 169 170 190 189 209 229 249 269 270 290 289 309 401
310:37:400 0 1 21 20 40 60 61 62 42 43 23 24 25 5 6 26 46 66 86 106 107 108 109 129 149 169 170 190 189 209 229 249 269 270 290 310 401
311:38:400 0 1 21 20 40 60 61 62 42 43 23 24 25 5 6 26 46 66 86 106 107 108 109 129 149 169 170 190 189 209 229 249 269 270 290 291 311 401
312:39:400 0 1 21 20 40 60 61 62 42 43 23 24 25 5 6 26 46 66 86 106 107 108 109 129 149 169 170 190 189 209 229 249 269 270 290 291 311 312 401
313:42:400 0 1 21 20 40 60 61 62 42 43 23 24 25 5 6 26 46 66 86 106 107 108 109 129 149 169 170 190 189 209 229 249 269 270 290 291 311 331 332 333 313 401
314:43:400 0 1 21 20 40 60 61 62 42 43 23 24 25 5 6 26 46 66 86 106 107 108 109 129 149 169 170 190 189 209 229 249 269 270 290 291 311 331 332 333 313 314 401
315:44:400 0 1 21 20 40 60 61 62 42 43 23 24 25 5 6 26 46 66 86 106 107 108 109 129 149 169 170 190 189 209 229 249 269 270 290 291 311 331 332 333 313 314 315 401
316:45:400 0 1 21 20 40 60 61 62 42 43 23 24 25 5 6 26 46 66 86 106 107 108 109 129 149 169 170 190 189 209 229 249 269 270 290 291 311 331 332 333 313 314 315 316 401
317:46:400 0 1 21 20 40 60 61 62 42 43 23 24 25 5 6 26 46 66 86 106 107 108 109 129 149 169 170 190 189 209 229 249 269 270 290 291 311 331 332 333 313 314 315 316 317 401
318:49:400 0 1 21 20 40 60 61 62 42 43 23 24 25 5 6 26 27 28 29 30 31 32 33 34 54 55 75 95 96 76 77 78 79 99 119 139 138 158 178 198 218 238 239 259 279 278 298 318 401
319:48:400 0 1 21 20 40 60 61 62 42 43 23 24 25 5 6 26 27 28 29 30 31 32 33 34 54 55 75 95 96 76 77 78 79 99 119 139 138 158 178 198 218 238 239 259 279 299 319 401
320:28:400 0 1 21 20 40 60 61 62 82 102 122 123 143 163 183 203 223 224 244 264 263 283 303 302 322 321 320 401
321:27:400 0 1 21 20 40 60 61 62 82 102 122 123 143 163 183 203 223 224 244 264 263 283 303 302 322 321 401
322:26:400 0 1 21 20 40 60 61 62 82 102 122 123 143 163 183 203 223 224 244 264 263 283 303 302 322 401
323:25:400 0 1 21 20 40 60 61 62 82 102 122 123 143 163 183 203 223 224 244 264 263 283 303 323 401
324:26:400 0 1 21 20 40 60 61 62 82 102 122 123 143 163 183 203 223 224 244 264 263 283 303 323 324 401
325:41:400 0 1 21 20 40 60 61 62 42 43 23 24 25 5 6 26 46 66 86 106 107 108 109 129 149 169 170 190 189 209 229 228 227 247 267 266 286 306 326 325 401
326:40:400 0 1 21 20 40 60 61 62 42 43 23 24 25 5 6 26 46 66 86 106 107 108 109 129 149 169 170 190 189 209 229 228 227 247 267 266 286 306 326 401
327:41:400 0 1 21 20 40 60 61 62 42 43 23 24 25 5 6 26 46 66 86 106 107 108 109 129 149 169 170 190 189 209 229 249 269 270 290 289 288 308 328 327 401
328:40:400 0 1 21 20 40 60 61 62 42 43 23 24 25 5 6 26 46 66 86 106 107 108 109 129 149 169 170 190 189 209 229 249 269 270 290 289 288 308 328 401
329:39:400 0 1 21 20 40 60 61 62 42 43 23 24 25 5 6 26 46 66 86 106 107 108 109 129 149 169 170 190 189 209 229 249 269 270 290 289 309 329 401
330:40:400 0 1 21 20 40 60 61 62 42 43 23 24 25 5 6 26 46 66 86 106 107 108 109 129 149 169 170 190 189 209 229 249 269 270 290 291 311 331 330 401
331:39:400 0 1 21 20 40 60 61 62 42 43 23 24 25 5 6 26 46 66 86 106 107 108 109 129 149 169 170 190 189 209 229 249 269 270 290 291 311 331 401
332:40:400 0 1 21 20 40 60 61 62 42 43 23 24 25 5 6 26 46 66 86 106 107 108 109 129 149 169 170 190 189 209 229 249 269 270 290 291 311 331 332 401
333:41:400 0 1 21 20 40 60 61 62 42 43 23 24 25 5 6 26 46 66 86 106 107 108 109 129 149 169 170 190 189 209 229 249 269 270 290 291 311 331 332 333 401
334:42:400 0 1 21 20 40 60 61 62 42 43 23 24 25 5 6 26 46 66 86 106 107 108 109 129 149 169 170 190 189 209 229 249 269 270 290 291 311 331 332 333 334 401
335:43:400 0 1 21 20 40 60 61 62 42 43 23 24 25 5 6 26 46 66 86 106 107 108 109 129 149 169 170 190 189 209 229 249 269 270 290 291 311 331 332 333 334 335 401
336:46:400 0 1 21 20 40 60 61 62 42 43 23 24 25 5 6 26 46 66 86 106 107 108 109 129 149 169 170 190 189 209 229 249 269 270 290 291 311 331 332 333 313 314 315 316 336 401
337:47:400 0 1 21 20 40 60 61 62 42 43 23 24 25 5 6 26 46 66 86 106 107 108 109 129 149 169 170 190 189 209 229 249 269 270 290 291 311 331 332 333 334 354 355 356 357 337 401
338:48:400 0 1 21 20 40 60 61 62 42 43 23 24 25 5 6 26 46 66 86 106 107 108 109 129 149 169 170 190 189 209 229 249 269 270 290 291 311 331 332 333 334 354 355 356 357 337 338 401
339:49:400 0 1 21 20 40 60 61 62 42 43 23 24 25 5 6 26 46 66 86 106 107 108 109 129 149 169 170 190 189 209 229 249 269 270 290 291 311 331 332 333 334 354 355 356 357 337 338 339 401
340:29:400 0 1 21 20 40 60 61 62 82 102 122 123 143 163 183 203 223 224 244 264 263 283 303 302 322 342 341 340 401
341:28:400 0 1 21 20 40 60 61 62 82 102 122 123 143 163 183 203 223 224 244 264 263 283 303 302 322 342 341 401
342:27:400 0 1 21 20 40 60 61 62 82 102 122 123 143 163 183 203 223 224 244 264 263 283 303 302 322 342 401
343:26:400 0 1 21 20 40 60 61 62 82 102 122 123 143 163 183 203 223 224 244 264 263 283 303 323 343 401
344:27:400 0 1 21 20 40 60 61 62 82 102 122 123 143 163 183 203 223 224 244 264 263 283 303 323 324 344 401
345:28:400 0 1 21 20 40 60 61 62 82 102 122 123 143 163 183 203 223 224 244 264 263 283 303 323 324 344 345 401
346:45:400 0 1 21 20 40 60 61 62 42 43 23 24 25 5 6 26 46 66 86 106 107 108 109 129 149 169 170 190 189 209 229 249 269 270 290 289 288 308 328 348 368 367 366 346 401
347:42:400 0 1 21 20 40 60 61 62 42 43 23 24 25 5 6 26 46 66 86 106 107 108 109 129 149 169 170 190 189 209 229 249 269 270 290 289 288 308 328 348 347 401
348:41:400 0 1 21 20 40 60 61 62 42 43 23 24 25 5 6 26 46 66 86 106 107 108 109 129 149 169 170 190 189 209 229 249 269 270 290 289 288 308 328 348 401
349:40:400 0 1 21 20 40 60 61 62 42 43 23 24 25 5 6 26 46 66 86 106 107 108 109 129 149 169 170 190 189 209 229 249 269 270 290 289 309 329 349 401
350:41:400 0 1 21 20 40 60 61 62 42 43 23 24 25 5 6 26 46 66 86 106 107 108 109 129 149 169 170 190 189 209 229 249 269 270 290 291 311 331 330 350 401
351:40:400 0 1 21 20 40 60 61 62 42 43 23 24 25 5 6 26 46 66 86 106 107 108 109 129 149 169 170 190 189 209 229 249 269 270 290 291 311 331 351 401
352:49:400 0 1 21 20 40 60 61 62 42 43 23 24 25 5 6 26 46 66 86 106 107 108 109 129 149 169 170 190 189 209 229 249 269 270 290 289 288 308 328 348 368 388 389 390 391 371 372 352 401
353:42:400 0 1 21 20 40 60 61 62 42 43 23 24 25 5 6 26 46 66 86 106 107 108 109 129 149 169 170 190 189 209 229 249 269 270 290 291 311 331 332 333 353 401
354:43:400 0 1 21 20 40 60 61 62 42 43 23 24 25 5 6 26 46 66 86 106 107 108 109 129 149 169 170 190 189 209 229 249 269 270 290 291 311 331 332 333 334 354 401
355:44:400 0 1 21 20 40 60 61 62 42 43 23 24 25 5 6 26 46 66 86 106 107 108 109 129 149 169 170 190 189 209 229 249 269 270 290 291 311 331 332 333 334 354 355 401
356:45:400 0 1 21 20 40 60 61 62 42 43 23 24 25 5 6 26 46 66 86 106 107 108 109 129 149 169 170 190 189 209 229 249 269 270 290 291 311 331 332 333 334 354 355 356 401
357:46:400 0 1 21 20 40 60 61 62 42 43 23 24 25 5 6 26 46 66 86 106 107 108 109 129 149 169 170 190 189 209 229 249 269 270 290 291 311 331 332 333 334 354 355 356 357 401
358:47:400 0 1 21 20 40 60 61 62 42 43 23 24 25 5 6 26 46 66 86 106 107 108 109 129 149 169 170 190 189 209 229 249 269 270 290 291 311 331 332 333 334 354 355 356 357 358 401
359:48:400 0 1 21 20 40 60 61 62 42 43 23 24 25 5 6 26 46 66 86 106 107 108 109 129 149 169 170 190 189 209 229 249 269 270 290 291 311 331 332 333 334 354 355 356 357 358 359 401
360:30:400 0 1 21 20 40 60 61 62 82 102 122 123 143 163 183 203 223 224 244 264 263 283 303 302 322 342 362 361 360 401
361:29:400 0 1 21 20 40 60 61 62 82 102 122 123 143 163 183 203 223 224 244 264 263 283 303 302 322 342 362 361 401
362:28:400 0 1 21 20 40 60 61 62 82 102 122 123 143 163 183 203 223 224 244 264 263 283 303 302 322 342 362 401
363:29:400 0 1 21 20 40 60 61 62 82 102 122 123 143 163 183 203 223 224 244 264 263 283 303 302 322 342 362 363 401
364:28:400 0 1 21 20 40 60 61 62 82 102 122 123 143 163 183 203 223 224 244 264 263 283 303 323 324 344 364 401
365:45:400 0 1 21 20 40 60 61 62 42 43 23 24 25 5 6 26 46 66 86 106 107 108 109 129 149 169 170 190 189 209 229 249 269 270 290 289 288 308 328 348 368 367 366 365 401
366:44:400 0 1 21 20 40 60 61 62 42 43 23 24 25 5 6 26 46 66 86 106 107 108 109 129 149 169 170 190 189 209 229 249 269 270 290 289 288 308 328 348 368 367 366 401
367:43:400 0 1 21 20 40 60 61 62 42 43 23 24 25 5 6 26 46 66 86 106 107 108 109 129 149 169 170 190 189 209 229 249 269 270 290 289 288 308 328 348 368 367 401
368:42:400 0 1 21 20 40 60 61 62 42 43 23 24 25 5 6 26 46 66 86 106 107 108 109 129 149 169 170 190 189 209 229 249 269 270 290 289 288 308 328 348 368 401
369:41:400 0 1 21 20 40 60 61 62 42 43 23 24 25 5 6 26 46 66 86 106 107 108 109 129 149 169 170 190 189 209 229 249 269 270 290 289 309 329 349 369 401
370:42:400 0 1 21 20 40 60 61 62 42 43 23 24 25 5 6 26 46 66 86 106 107 108 109 129 149 169 170 190 189 209 229 249 269 270 290 289 309 329 349 369 370 401
371:47:400 0 1 21 20 40 60 61 62 42 43 23 24 25 5 6 26 46 66 86 106 107 108 109 129 149 169 170 190 189 209 229 249 269 270 290 289 288 308 328 348 368 388 389 390 391 371 401
372:48:400 0 1 21 20 40 60 61 62 42 43 23 24 25 5 6 26 46 66 86 106 107 108 109 129 149 169 170 190 189 209 229 249 269 270 290 289 288 308 328 348 368 388 389 390 391 371 372 401
373:49:400 0 1 21 20 40 60 61 62 42 43 23 24 25 5 6 26 46 66 86 106 107 108 109 129 149 169 170 190 189 209 229 249 269 270 290 289 288 308 328 348 368 388 389 390 391 371 372 373 401
374:50:400 0 1 21 20 40 60 61 62 42 43 23 24 25 5 6 26 46 66 86 106 107 108 109 129 149 169 170 190 189 209 229 249 269 270 290 289 288 308 328 348 368 388 389 390 391 371 372 373 374 401
375:45:400 0 1 21 20 40 60 61 62 42 43 23 24 25 5 6 26 46 66 86 106 107 108 109 129 149 169 170 190 189 209 229 249 269 270 290 291 311 331 332 333 334 354 355 375 401
376:46:400 0 1 21 20 40 60 61 62 42 43 23 24 25 5 6 26 46 66 86 106 107 108 109 129 149 169 170 190 189 209 229 249 269 270 290 291 311 331 332 333 334 354 355 356 376 401
377:47:400 0 1 21 20 40 60 61 62 42 43 23 24 25 5 6 26 46 66 86 106 107 108 109 129 149 169 170 190 189 209 229 249 269 270 290 291 311 331 332 333 334 354 355 356 357 377 401
378:48:400 0 1 21 20 40 60 61 62 42 43 23 24 25 5 6 26 46 66 86 106 107 108 109 129 149 169 170 190 189 209 229 249 269 270 290 291 311 331 332 333 334 354 355 356 357 358 378 401
379:49:400 0 1 21 20 40 60 61 62 42 43 23 24 25 5 6 26 46 66 86 106 107 108 109 129 149 169 170 190 189 209 229 249 269 270 290 291 311 331 332 333 334 354 355 356 357 358 359 379 401
380:31:400 0 1 21 20 40 60 61 62 82 102 122 123 143 163 183 203 223 224 244 264 263 283 303 302 322 342 362 361 360 380 401
381:30:400 0 1 21 20 40 60 61 62 82 102 122 123 143 163 183 203 223 224 244 264 263 283 303 302 322 342 362 361 381 401
382:29:400 0 1 21 20 40 60 61 62 82 102 122 123 143 163 183 203 223 224 244 264 263 283 303 302 322 342 362 382 401
383:30:400 0 1 21 20 40 60 61 62 82 102 122 123 143 163 183 203 223 224 244 264 263 283 303 302 322 342 362 363 383 401
384:29:400 0 1 21 20 40 60 61 62 82 102 122 123 143 163 183 203 223 224 244 264 263 283 303 323 324 344 364 384 401
385:46:400 0 1 21 20 40 60 61 62 42 43 23 24 25 5 6 26 46 66 86 106 107 108 109 129 149 169 170 190 189 209 229 249 269 270 290 289 288 308 328 348 368 367 366 386 385 401
386:45:400 0 1 21 20 40 60 61 62 42 43 23 24 25 5 6 26 46 66 86 106 107 108 109 129 149 169 170 190 189 209 229 249 269 270 290 289 288 308 328 348 368 367 366 386 401
387:44:400 0 1 21 20 40 60 61 62 42 43 23 24 25 5 6 26 46 66 86 106 107 108 109 129 149 169 170 190 189 209 229 249 269 270 290 289 288 308 328 348 368 367 387 401
388:43:400 0 1 21 20 40 60 61 62 42 43 23 24 25 5 6 26 46 66 86 106 107 108 109 129 149 169 170 190 189 209 229 249 269 270 290 289 288 308 328 348 368 388 401
389:44:400 0 1 21 20 40 60 61 62 42 43 23 24 25 5 6 26 46 66 86 106 107 108 109 129 149 169 170 190 189 209 229 249 269 270 290 289 288 308 328 348 368 388 389 401
390:45:400 0 1 21 20 40 60 61 62 42 43 23 24 25 5 6 26 46 66 86 106 107 108 109 129 149 169 170 190 189 209 229 249 269 270 290 289 288 308 328 348 368 388 389 390 401
391:46:400 0 1 21 20 40 60 61 62 42 43 23 24 25 5 6 26 46 66 86 106 107 108 109 129 149 169 170 190 189 209 229 249 269 270 290 289 288 308 328 348 368 388 389 390 391 401
392:47:400 0 1 21 20 40 60 61 62 42 43 23 24 25 5 6 26 46 66 86 106 107 108 109 129 149 169 170 190 189 209 229 249 269 270 290 289 288 308 328 348 368 388 389 390 391 392 401
393:48:400 0 1 21 20 40 60 61 62 42 43 23 24 25 5 6 26 46 66 86 106 107 108 109 129 149 169 170 190 189 209 229 249 269 270 290 289 288 308 328 348 368 388 389 390 391 392 393 401
394:49:400 0 1 21 20 40 60 61 62 42 43 23 24 25 5 6 26 46 66 86 106 107 108 109 129 149 169 170 190 189 209 229 249 269 270 290 289 288 308 328 348 368 388 389 390 391 392 393 394 401
395:50:400 0 1 21 20 40 60 61 62 42 43 23 24 25 5 6 26 46 66 86 106 107 108 109 129 149 169 170 190 189 209 229 249 269 270 290 289 288 308 328 348 368 388 389 390 391 392 393 394 395 401
396:51:400 0 1 21 20 40 60 61 62 42 43 23 24 25 5 6 26 46 66 86 106 107 108 109 129 149 169 170 190 189 209 229 249 269 270 290 289 288 308 328 348 368 388 389 390 391 392 393 394 395 396 401
397:48:400 0 1 21 20 40 60 61 62 42 43 23 24 25 5 6 26 46 66 86 106 107 108 109 129 149 169 170 190 189 209 229 249 269 270 290 291 311 331 332 333 334 354 355 356 357 377 397 401
398:49:400 0 1 21 20 40 60 61 62 42 43 23 24 25 5 6 26 46 66 86 106 107 108 109 129 149 169 170 190 189 209 229 249 269 270 290 291 311 331 332 333 334 354 355 356 357 377 397 398 401
399:50:400 0 1 21 20 40 60 61 62 42 43 23 24 25 5 6 26 46 66 86 106 107 108 109 129 149 169 170 190 189 209 229 249 269 270 290 291 311 331 332 333 334 354 355 356 357 358 359 379 399 401
400:1:400 401
