362
58
10
30
50
11
31
51
71
12
32
52
72
92
13
33
53
73
93
113
14
34
54
74
94
114
134
15
35
55
75
95
115
135
155
16
36
56
76
96
116
136
156
176
17
37
57
77
97
117
137
157
177
197
18
38
58
78
98
118
138
158
178
198
19
39
59
79
99
119
139
159
179
199
200
201
202
220
221
222
223
240
241
242
243
244
260
261
262
263
264
265
280
281
282
283
284
285
286
300
301
302
303
304
305
306
307
320
321
322
323
324
325
326
327
328
340
341
342
343
344
345
346
347
348
349
360
361
362
363
364
365
366
367
368
369
380
381
382
383
384
385
386
387
388
389
